1
3692 9858 7940 1755 3993 5038 5501 7733 4532 5492 6634 7734 6460 1878 11211 
	/
2
8562 3271 3707 4093 2325 7163 280 4099 4724 6464 6950 6956 7073 7582 7986 
	/
3
6973 5249 7085 5978 5649 6347 8345 7571 5855 6535 6887 5980 9948 9179 9182 
	/
4
8197 5984 6331 1296 7156 4929 9787 3594 3747 4533 4760 4836 6069 7577 5436 
	/
5
4708 4053 4305 4308 7986 9771 8951 4810 262 641 773 2172 2932 3600 4065 
	/
6
5439 11303 5436 5262 2985 4323 5799 6780 9721 5631 5434 3483 7327 871 1215 
	/
7
8266 7601 6385 6568 7129 6186 7836 6189 4757 6188 5291 5378 5089 9979 9720 
	/
8
3773 5505 7415 8385 4769 6299 6197 11129 11349 9103 1232 8703 9593 2001 8380 
	/
9
6380 5505 3088 7013 7599 697 4753 6726 1124 7809 3888 7600 5870 3434 6195 
	/
10
7554 7497 10616 7777 932 2011 4454 5368 7168 7480 10462 6965 9529 6100 1303 
	/
11
6629 7576 5452 7369 7703 7655 3530 5228 6627 6983 7653 3518 4833 5048 6168 
	/
12
6708 8332 7900 8131 6526 6168 681 7891 6952 8128 6789 7111 4982 5256 5362 
	/
13
8345 5249 6973 5978 7571 5980 9182 8135 7085 2311 6347 5878 6535 9179 3397 
	/
14
5649 7376 6165 5978 5560 6887 7375 6349 3393 5477 7085 6876 6622 10625 2310 
	/
15
3732 6987 6762 9852 5505 4814 9885 7489 6808 7994 9932 8024 5672 5479 8325 
	/
16
6708 8332 6526 6789 7111 2307 5479 5484 2072 1636 6089 7186 6837 7184 5982 
	/
17
5504 9485 10104 11393 10386 8052 3114 4769 2160 2894 2111 11129 4361 2529 3541 
	/
18
5504 10104 8052 11393 10289 9740 4769 10380 10386 8622 3114 2894 9485 6592 2111 
	/
19
5504 10104 11393 4769 10380 8052 10386 8622 3114 2894 9485 2111 4361 8602 9824 
	/
20
9908 7425 11393 6490 7853 7852 607 1550 2031 2901 5314 6598 7027 10114 10437 
	/
21
3333 7111 7863 2899 6714 5945 6768 10870 3917 5571 8241 3017 8909 2148 4351 
	/
22
11393 8622 6220 7419 7520 6487 6026 10426 11250 7144 3445 90 8620 93 1396 
	/
23
6128 9981 2773 5701 6405 2268 6311 7509 868 8190 4881 6748 7958 7146 3560 
	/
24
3333 3560 6411 2899 5089 9736 9734 2109 2741 6662 4577 5396 10411 1390 9845 
	/
25
4868 707 1432 9046 4150 2529 11127 9480 1670 11129 495 7213 10267 10555 346 
	/
26
7225 5799 8178 7612 7966 2899 6841 3110 76 3333 6752 8620 9017 5404 4496 
	/
27
9734 1625 2001 4490 5391 8392 8612 9540 9159 9847 8415 4752 206 324 1387 
	/
28
4719 7482 6905 5470 8440 4433 6892 8053 3301 7291 9790 9934 3615 4347 7185 
	/
29
3333 11123 5796 9132 5393 4270 9738 5089 2899 2113 9022 3003 867 762 2741 
	/
30
3333 6411 3821 5089 615 6847 7150 2899 4868 3798 3357 6753 2411 3822 2410 
	/
31
3333 6526 6789 7111 5479 9557 2072 4982 1615 8392 1187 2144 2307 5484 6089 
	/
32
9159 8415 1821 913 9847 4752 4292 3824 4907 10455 1931 8516 8789 3552 5586 
	/
33
7958 6526 3333 6789 7111 6133 4982 4992 2072 7052 2144 1187 2307 5479 5484 
	/
34
1079 11262 5498 9191 10927 5507 4480 3318 4769 7878 4664 5301 705 108 2728 
	/
35
615 3931 2899 3566 368 2031 3585 1428 1555 5209 7150 6500 7623 8935 6325 
	/
36
504 1878 3537 3707 5688 7564 4558 62 295 975 1045 1210 3689 3764 4147 
	/
37
3333 5114 4024 2255 8908 5610 8087 10113 9483 10972 3797 6591 6731 10442 380 
	/
38
10827 2743 2148 866 9151 9481 11279 9622 213 476 4152 5916 11121 204 11237 
	/
39
908 5105 1918 3014 3571 5718 7971 10015 9053 8294 105 231 742 893 1169 
	/
40
204 2391 2253 2743 2148 1811 9017 476 6661 9481 732 5398 4152 2647 4873 
	/
41
4708 3036 402 2295 3371 4053 4306 4312 4809 6051 7987 3943 394 9068 9855 
	/
42
3732 6423 6970 7788 1881 5017 5235 1099 5443 6513 8422 4125 4866 5507 6832 
	/
43
4308 4708 4053 1307 9767 6515 6421 2293 4185 4810 5436 4184 4065 7986 262 
	/
44
4053 4708 6421 4308 1307 2293 2046 4185 4810 5436 9767 7986 3594 4056 4184 
	/
45
273 937 6905 7373 8117 5430 4807 4966 6429 7177 6210 7759 9278 3382 6286 
	/
46
4053 4708 6051 2293 7987 6421 6236 11167 7286 6426 3598 6336 4063 3371 2295 
	/
47
8562 4093 280 7073 10485 3271 3707 6098 1625 7085 4215 11052 2325 8248 2212 
	/
48
6803 7677 6098 8843 3754 3640 9428 4454 7678 5845 5986 7487 6336 1079 9877 
	/
49
6884 1328 4942 7636 8183 8189 4413 3286 9667 4208 25 789 9282 9722 6457 
	/
50
7798 6762 5726 3830 5504 7489 6416 6601 2947 5030 6788 6808 7453 7488 7994 
	/
51
6629 7369 7576 7703 3530 6983 5452 5228 6627 8676 6877 5048 6778 6976 5149 
	/
52
6627 7210 3319 5504 4760 8197 2846 8622 8484 6220 8309 5984 6331 4929 11048 
	/
53
7111 6526 9706 6708 6789 2072 1636 7958 5484 715 1187 2144 2307 4982 5479 
	/
54
1454 7678 4098 7677 8651 6337 10 1457 6247 36 9883 10905 9861 8950 3140 
	/
55
4063 6433 7813 1969 2698 3406 4459 5761 6710 7715 9686 10286 948 2075 3515 
	/
56
504 1878 3537 3707 5688 7564 62 295 975 1045 1210 3689 3764 4147 4558 
	/
57
7694 3848 7172 4073 9793 2307 6781 5479 6160 9795 1312 10335 6438 6969 7279 
	/
58
8197 6331 1296 5984 7577 4343 3182 8015 5535 25 1050 6950 2974 4929 4836 
	/
59
4708 4053 4704 5440 4308 6421 4810 7986 2293 1307 4185 5436 9767 4056 4184 
	/
60
9704 6453 5568 7576 1076 7724 7369 29 10351 6629 1962 7703 6710 6525 7297 
	/
61
8602 6585 7604 1757 5781 4361 1217 9308 7307 11208 4642 5504 4862 6640 9847 
	/
62
6803 7677 3640 4454 5986 6098 7487 7678 958 1943 2567 3262 3264 3296 3392 
	/
63
9950 7085 5978 5249 6973 10338 10754 6349 7374 7376 5855 10485 7375 7571 8345 
	/
64
10927 4868 6728 10016 8164 7213 5386 4757 9910 5939 9037 3795 6186 6107 7838 
	/
65
5479 7564 6973 6438 7561 7694 6160 3391 5146 6782 6763 3061 5659 7809 5469 
	/
66
8385 1239 700 10783 1213 7416 7337 9452 713 2577 3205 3206 3648 3895 6728 
	/
67
5504 8441 8052 10380 11393 8622 2730 3319 4769 9974 10289 1885 2988 4854 4361 
	/
68
3830 6762 6808 7488 7994 5504 7489 7798 8302 6601 5030 5726 6788 7453 9852 
	/
69
9182 6526 6789 1187 5479 6348 7474 1953 4611 6448 7111 9704 5256 6814 3503 
	/
70
6526 6789 1187 7111 9704 5256 2072 2144 2307 4982 5484 6089 6708 6952 7958 
	/
71
1328 6884 4942 7636 8183 8189 4413 25 789 3286 9282 9667 9722 7295 739 
	/
72
2212 5569 6264 9966 11052 7197 5878 7193 1743 7497 10064 10062 45 1745 2334 
	/
73
6803 7677 3640 4454 5986 6098 7487 7678 958 1943 2567 3262 3264 3296 3392 
	/
74
9966 45 5569 6264 11052 10201 2212 9568 11204 10762 2711 2828 10062 1743 1745 
	/
75
5479 6160 6438 6973 9541 3391 5146 7564 1314 3061 3718 3733 4330 4439 5246 
	/
76
6803 7677 7678 6776 5986 6098 3392 3405 3859 6766 6767 666 2815 6341 7360 
	/
77
8266 7601 6186 6568 6189 7836 4757 7129 6385 5089 6923 5378 7837 9720 5506 
	/
78
5249 6973 5978 8345 7571 7085 5855 5980 9179 6349 9948 9182 8135 6535 9950 
	/
79
5527 8189 8183 5524 6884 1328 6816 4942 7636 10131 8281 9282 10135 25 789 
	/
80
11048 113 9434 11327 3482 1301 9439 2571 6367 4113 7522 114 674 792 1316 
	/
81
6629 7369 7703 3530 7576 6168 7653 5228 5452 6627 6983 4833 6980 3517 2947 
	/
82
6331 8197 4345 7379 5984 6069 4533 416 3706 3732 7502 4836 7808 8015 5848 
	/
83
7111 6714 1084 5571 4089 6768 6365 4351 8241 7822 5708 7994 9677 2212 10212 
	/
84
8197 6331 6946 6050 5984 7774 4185 1050 7342 6865 5535 9787 6600 1296 4929 
	/
85
113 6510 9981 9862 7235 6129 5331 4994 5848 8227 6489 2773 5404 10013 9651 
	/
86
9920 6816 3529 6907 8843 4352 6715 6095 3981 8024 8327 3640 6092 2081 4450 
	/
87
7966 8066 3425 4605 4993 6101 8166 2355 2476 4968 5240 1042 2268 2503 2719 
	/
88
4361 4642 1757 5504 5781 9218 4769 5379 3776 8492 2847 5377 8441 10380 3114 
	/
89
1089 11335 10046 10214 793 943 2712 9319 10154 10349 10375 10515 10901 1160 11177 
	/
90
4708 7010 8229 5283 9666 6189 11340 9232 1880 4767 6580 2717 4497 3615 3718 
	/
91
8229 6580 7010 1880 4767 9825 7602 1365 2255 3317 3432 3615 5283 5382 5582 
	/
92
8602 3319 10905 5682 4367 10868 3441 7738 7210 6177 3568 7144 8281 9729 6585 
	/
93
6168 7703 5256 6526 6789 5048 9704 681 2072 5479 7369 7111 6983 9706 6090 
	/
